21
22
23
25
53
80
110
111
135
139
143
443
445
465
587
631
636
993
995
1080
1433
1521
1723
2049
2082
2083
2095
2096
2483
2484
3128
3306
3389
3986
4000
5060
5061
5432
5631
5900
6000
6379
6667
6881
8000
8008
8080
8081
8443
8888
9000
9001
9090
9200
9443
10000
11211
12345
16080
17990
20000
27374
32768
32769
49152
49153
49154
49155
49156
50000
50060
50070
50090
5050
5555
5666
5800
5901
5902
5985
5986
6001
6002
6379
7000
7070
8009
8181
8880
8889
9009
9091
9999
10050
11235
27017
28017
5000
8001
9929
331337
